b = BB5BB2
c = A658E2
d = 6FD112
e = 60AF78
f = E144A6
g = 278873
h = 238DF5
i = 859FF0
j = F2C5BC
k = B04993
l = A03CBC
m = 46A8F1
n = 5D7677
o = 7B7F88
p = 99098D
q = C99ABF
r = D6A6B9
s = 11631C
t = F87817
u = B0CEF6
v = 7599C5
w = 0CCF78
x = AE6A1A
y = 1A2137
z = FB2751
aa = 2C3AD1
ab = 42D9B9
ac = FE6184
ad = 61FBB6
ae = 356346
af = 781442
ag = AC18E8
ah = D003FF
ai = F20ED3
aj = B38191
ak = CEA184
al = 9E8653
am = 19003C
an = D71EE7
ao = DB8049
ap = B44B1C
aq = EE865D
ar = 2C8325
as = 4B1AB5
at = A524CD
au = 88589E
av = FDC016
aw = E8521D
ax = 572066
ay = 968C2E
az = 4D355A
ba = 9D8D08
bb = 42DAB1
bc = FCFBB3
bd = 80D85D
be = BEB677
bf = D54597
bg = 6BEEA5
bh = 9A3323
bi = 6D9D4B
bj = 3D0AD8
bk = 70608E
bl = A13790
bm = FB14A8
bn = 790719
bo = 7F0403
bp = A55C6F
bq = BF4FE6
br = 492364
bs = 47E701
bt = D0C440
bu = EC286A
bv = 954656
bw = 021A59
bx = 98CE06
by = 493FF4
bz = E34F0A
ca = 3A41EF
cb = 99FE78
cc = 0856E1
cd = 02DEC0
ce = 903A2A
cf = EEE15A
cg = E46DB0
ch = 33CD32
ci = 50A294
cj = 3CC998
ck = 226E6D
cl = B2A351
cm = C94249
cn = 66D3CB
co = FF01A6
cp = 35125C
cq = 4C7A55
cr = 121BA1
cs = DA69C9
ct = CEFF2F
cu = D14FFF
cv = 619A4F
cw = 8D09C5
cx = 28EE53
cy = 4D9426
cz = C1B4C1
da = 673279
db = 99BB49
dc = A1E1E0
dd = 183317
de = 58A0C3
df = 26ABA6
dg = 875297
dh = 7D900F
di = 3C9382
dj = FEE026
dk = C535DA
dl = 4B0406
dm = 562C1B
dn = 34ACAC
do = 82C9E1
dp = 363A98
dq = C0B862
dr = A2F237
ds = 462486
dt = 3F16DC
du = 7E7637
dv = 66295E
dw = 02C81B
dx = A35508
dy = 979159
dz = 68B2E1
ea = 43D400
eb = B4DCE6
ec = 62AF37
ed = A81739
ee = 6FDE44
ef = 1CB07A
eg = 006D65
eh = 0B7D5C
ei = AACCFB
ej = 3DBADD
ek = C2E6C3
el = 213F3F
em = 5C9036
en = 144733
eo = E8B63B
ep = 9D35E5
eq = 187ADA
er = B457FC
es = B8827C
et = 5F5E0B
eu = 969784
ev = 87DD1C
ew = CD1837
ex = 45C057
ey = 0C5EC9
ez = 5A5373
fa = 5B6D7D
fb = 901091
fc = A79236
fd = 7CF164
fe = 8008E8
ff = 66BD42
fg = B2AA3A
fh = EDC711
fi = 692A0A
fj = 1244E6
fk = B8B5AF
fl = 42D7D2
fm = BC9578
fn = FF997D
fo = 1F79F7
fp = 191DF3
fq = B7CB7F
fr = FD6F1F
fs = 1B8B2B
ft = 3AD703
fu = 4F3649
fv = 6BDBE8
fw = EA8416
fx = 04EDEB
fy = EA8145
fz = 08EFF0
ga = 0B7DBF
gb = A04A7D
gc = 339FA9
gd = B9261A
ge = 729AE7
gf = CDAC76
gg = B6B1BE
gh = 13D48C
gi = 72447A
gj = 9617BE
gk = B4D0B5
gl = 920EED
gm = 2C3F92
gn = 2C20B1
go = 450774
gp = 12E773
gq = 9261E6
gr = 91ED66
gs = 765341
gt = 9498D6
gu = 894919
gv = 0ECB56
gw = 832E72
gx = 95BA0A
gy = 089F77
gz = 8FA423
ha = B4F41B
hb = 975CB0
hc = 6356E5
hd = BD9215
he = B267CF
hf = B7D99A
hg = D4DEC0
hh = 996D3D
hi = C0DAE4
hj = F56BC0
hk = 95D8C3
hl = 292662
hm = 5C1D05
hn = 168487
ho = C1E85F
hp = 2CD71D
hq = 497109
hr = 3D6AB0
hs = 88B856
ht = 8AFCAC
hu = 22BCE0
hv = 293D6D
hw = FCE3F0
hx = 8512B5
hy = 48491A
hz = C20E4E
ia = A61B72
ib = 3D4C58
ic = 56EA31
id = EE8CA9
ie = 705F21
if = 3380EB
ig = 9A30C7
ih = FAFF33
ii = 0F53F1
ij = ED0E4C
ik = F1A291
il = 80AA67
im = D78C44
in = 3F02C6
io = 228E06
ip = 4D6710
iq = B02729
ir = 5FBC1A
is = 5CE955
it = 46F83F
iu = 02D426
iv = DF8FB7
iw = D7BB46
ix = D8EB06
iy = ACCB3E
iz = 851F3B
ja = 899F6D
jb = 971071
jc = 807575
jd = 8FADEC
je = CD7225
jf = 8CFBA6
jg = 3EC4FD
jh = 58D57C
ji = 54D1B4
jj = E5FE16
jk = CB9050
jl = 62C109
jm = E12411
jn = 22F816
jo = D27F40
jp = B19506
jq = 6E689B
jr = AE28ED
js = 0CE61D
jt = B306E8
ju = 5EEE39
jv = 02F63A
jw = C23FCA
jx = EBFBF2
jy = 8B97BA
jz = F373DA
ka = 72FEBC
kb = 6C54AA
kc = E182FB
kd = A96E2F
ke = D8D156
kf = 2C9805
kg = D835DC
kh = 9C31C7
ki = 4A1D12
kj = 7EF920
kk = 5D59E3
kl = 61C10F
km = 88F2AE
kn = 1B80B4
ko = 43AA10
kp = 08B5A4
kq = DA9508
kr = 31EB64
ks = 5ABC92
kt = 8B846B
ku = D70462
kv = F93994
kw = 49C3D7
kx = DDACA6
ky = ACE8D9
kz = 5F3D65
la = 425AA5
lb = 5BEEAF
lc = 887A72
ld = E5C571
le = E01C1B
lf = 06E167
lg = 6A407C
lh = 3E9B76
li = 6C256C
lj = 37784F
lk = 0FD059
ll = F92887
lm = 44D4B3
ln = 78BC16
lo = C36A4C
lp = E36303
lq = 5D696F
lr = 6DB6F2
ls = 5D62D6
lt = 0E1885
lu = 8523E3
lv = BAD5B2
lw = 43AE1E
lx = C0A335
ly = 32EEB5
lz = 57F117
ma = CA496B
mb = B81F7E
mc = 9B9E0B
md = 246D51
me = A6AAFF
mf = 658FBC
mg = E665C3
mh = F38DA2
mi = 67A64F
mj = 86E3C1
mk = 7F45B1
ml = AC2085
mm = 9240D1
mn = DE95E0
mo = 7272B6
mp = 0D5670
mq = 3A2010
mr = 23F066
ms = FF9AA7
mt = 6670EC
mu = 766E19
mv = 2F731D
mw = E97D82
mx = 22A00A
my = 00550F
mz = 3E53ED
na = 1991FE
nb = 1591E6
nc = 8613BA
nd = 99AADE
ne = E38A42
nf = 1A2308
ng = F4241E
nh = DAAD5C
ni = A4BD9E
nj = EAB5A5
nk = 3AC7DF
nl = 023269
nm = 79CCDE
nn = 7B4EFB
np = 7E864C
nq = C6B884
nr = 70C0B4
ns = C07B14
nt = 42CF81
nu = 9C219F
nv = 2C0FAE
nw = 507587
nx = 6C1292
ny = 959392
nz = 2C4245
oa = BB29F0
ob = 11BB44
oc = 363DCA
od = 799E7F
oe = 8AB357
of = 6F61E7
og = 48B983
oh = 3E60BC
oi = 07C18E
oj = 487D3D
ok = 5233B3
ol = F9769A
om = EDDABD
on = 9074D1
oo = 574078
op = D5F8A7
oq = AB52A1
os = D824F5
ot = F45566
ou = AE7ADE
ov = 67FAF0
ow = 211DF6
ox = 7CCC84
oy = 3F7A48
oz = 82033B
pa = B4C7C5
pb = C11571
pc = 6D0E04
pd = 862157
pe = 693A9F
pf = 4AFB00
pg = 8A10EA
ph = 9C94E7
pi = 3A5116
pj = 96C19D
pk = 018E82
pl = ECA4EE
pm = 4E5938
pn = F4B490
po = F77DAF
pp = C84BCB
pq = F339B3
pr = EE03D2
ps = 2527BD
pt = 78747A
pu = BEBD72
pv = 8A4E1A
pw = EF5878
px = 9EB3A9
py = C07944
pz = 42375A
qa = 44A68F
qb = 64A884
qc = C23A36
qd = 037E8D
qe = D0436D
qf = C481C1
qg = 558DA0
qh = ADF467
qi = 971532
qj = 3D4BFE
qk = 630AC2
ql = ABFACB
qm = EB37E0
qn = 297967
qo = 13434F
qp = 0661FC
qq = 76F69F
qr = 6192F3
qs = 477A52
qt = E6B55E
qu = 118EB7
qv = 572A9C
qw = BF07FB
qx = 9E62D7
qy = 6A1D81
qz = 567CB4
ra = FD377C
rb = CEF2B3
rc = F04477
rd = 254986
re = E7DBC3
rf = 5867C9
rg = 518D7E
rh = C34C79
ri = 1E2D13
rj = 30773B
rk = 333DA4
rl = C6A40B
rm = 884598
rn = 77C006
ro = 924F98
rp = 3F25F4
rq = 25BCB9
rr = 552102
rs = 4A7DE6
rt = ED7BB9
ru = 871892
rv = 8BBCA5
rw = E39F09
rx = 9935BD
ry = 96BB7A
rz = 5F2715
sa = 7B80E7
sb = 30F4D6
sc = 790AE7
sd = 5B7EE5
se = B68206
sf = 20B2C6
sg = 4B812B
sh = AA8473
si = E3FAC9
sj = C4AB59
sk = 5FEBC4
sl = 84B383
sm = 3017E2
sn = F368BC
so = C95F6D
sp = 84A384
sq = 974FC9
sr = 278936
ss = 1C5A04
st = FADBAE
su = BDC0F9
sv = 94D738
sw = 1E07C0
sx = DE1CF8
sy = 1E8BE6
sz = DEAD24
ta = CB1DD4
tb = BF4904
tc = 3A4B26
td = D5A126
te = 1E7FCC
tf = DC0C1F
tg = 89E775
th = A93D4B
ti = 089324
tj = 9682DE
tk = 98A566
tl = 4B20A0
tm = 35402D
tn = CBA168
to = BCCBBE
tp = 77D9B4
tq = 9B20D0
tr = C6AA2F
ts = 936C5A
tt = F899EC
tu = B3588A
tv = 3E4D5B
tw = E88365
tx = E6688C
ty = 396208
tz = 441281
ua = 6B5F3D
ub = A624A8
uc = E13E50
ud = 873648
ue = 32207C
uf = D6B915
ug = 1F359E
uh = 27C159
ui = 2A1EC2
uj = 3502CC
uk = 7CC08B
ul = E7157C
um = 350AB8
un = 331D48
uo = 84BAEE
up = 1C6323
uq = AA2E07
ur = 87902B
us = 4BAB60
ut = 06579C
uu = E1656D
uv = AAE7D1
uw = F8D8E5
ux = D84FF5
uy = 221DA1
uz = E51FE2
va = 6A7182
vb = 93647C
vc = AB3373
vd = 38022C
ve = F8B335
vf = 6AD7A7
vg = 466D5D
vh = 74382C
vi = 62781A
vj = 008689
vk = E40251
vl = 3184FB
vm = A3814D
vn = C323A5
vo = DB5B7B
vp = 979936
vq = 36EBC3
vr = 69D131
vs = 31B068
vt = 7F665C
vu = 67BEE7
vv = E7F7C4
vw = 9BF577
vx = 4E0F3A
vy = 3788D0
vz = BDC163
wa = 36AA29
wb = A80A05
wc = 46F456
wd = 67BA31
we = C643FB
wf = 63DCA6
wg = A2BD8E
wh = FAA803
wi = 15D3BD
wj = D3D131
wk = 3685DA
wl = B16AAB
wm = 726E7E
wn = 31A77D
wo = 3980B0
wp = 68EC3D
wq = 1A0CA6
wr = 38DBA6
ws = B4524C
wt = 328E84
wu = 7ECF05
wv = A29493
ww = BD7182
wx = DFB399
wy = E5519A
wz = E8480F
xa = 3B561E
xb = CB2030
xc = 52BA90
xd = 225666
xe = 3931B4
xf = FD0EAC
xg = D17CEC
xh = 432CD8
xi = D36B9C
xj = 26A83F
xk = 9FD169
xl = 65E4D3
xm = EB9279
xn = 8668DD
xo = 8ED3B4
xp = F71DAF
xq = 6D08D8
xr = 994AF7
xs = CB35B4
xt = E0A585
xu = 025F1E
xv = CF9E7D
xw = B8E7F4
xx = 499DC3
xy = CEAB9F
xz = 5D0AB8
ya = F4295D
yb = 361A39
yc = DF69BF
yd = B3CA07
ye = 831C93
yf = E46639
yg = 3DAE08
yh = 70947C
yi = 42C418
yj = 39037F
yk = 5FA424
yl = 79D202
ym = F4864D
yn = AF66E5
yo = 86F3BC
yp = 33EB12
yq = 9EDF27
yr = C5073F
ys = E26EFF
yt = DE50E4
yu = 1D2C12
