b = F580B3
c = 197E70
d = 888381
e = 4DC9C7
f = 9AA633
g = 5A7BA5
h = 4C8525
i = DE32D1
j = E05CF2
k = C376AD
l = FBFDE7
m = ABFBD2
n = 5CEDEB
o = BE72C7
p = DC941F
q = E0D5E7
r = 21901B
s = D10CEB
t = 3D7837
u = 95D78A
v = 9B2BB8
w = 41AF91
x = A1C226
y = 7BEF30
z = EBDECB
aa = 5FA487
ab = FE41C2
ac = 48CD11
ad = 0B33C0
ae = 9BF9B9
af = 5D0A09
ag = 1B86B7
ah = 38936F
ai = 1DEC39
aj = 84FAA0
ak = 553BBA
al = EE7D11
am = 46C15F
an = 5E9119
ao = 28EAAD
ap = A73769
aq = 65913F
ar = 605A3E
as = AD241F
at = 009FE7
au = 41BE08
av = DADD43
aw = A88BF0
ax = FD4884
ay = 7357A6
az = CB8119
ba = F0C56F
bb = 6E8275
bc = 392943
bd = 4F2F0D
be = 28B936
bf = 99683C
bg = 55994E
bh = CA49A7
bi = 05A878
bj = 493D0D
bk = 9048C3
bl = 17ACF1
bm = 6E67D3
bn = 457ABF
bo = F45611
bp = 298E21
bq = 14D2A8
br = 2142B7
bs = E6B275
bt = D05F9C
bu = D077C7
bv = C27BD9
bw = 1849D5
bx = 3E85F4
by = E75C1B
bz = 81B760
ca = D3B965
cb = 963175
cc = 7BBC73
cd = D8D2E3
ce = 192A2B
cf = 2C0228
cg = F3B372
ch = A258DF
ci = 4F2834
cj = E0E4F9
ck = 4B1A86
cl = 9A56FD
cm = 9FDC90
cn = AAA572
co = 108214
cp = BC2EA3
cq = D9B574
cr = E4C012
cs = 2F6F3F
ct = E3F502
cu = 76A527
cv = DB88AA
cw = 544E24
cx = A4F2AB
cy = 16ED9F
cz = 586D3F
da = 3F3B9F
db = AB9C80
dc = 851BED
dd = C513E2
de = 6ABB8F
df = C5A729
dg = 8C1025
dh = 542BE8
di = 570A65
dj = C29FC5
dk = D15CFF
dl = A64FDE
dm = 0AC2B2
dn = 4874FF
do = F61596
dp = 9EC60A
dq = 66B453
dr = 121B96
ds = 6110A3
dt = F6254A
du = 56DAC8
dv = AE4E25
dw = 640717
dx = 8259B6
dy = 143DF7
dz = 8BD955
ea = 5CFF6A
eb = 1EC26A
ec = 8347E4
ed = 3D16C4
ee = 893403
ef = AFA629
eg = C157CF
eh = 7195ED
ei = 3A4B0B
ej = 059D2A
ek = AC7FD7
el = 274CC0
em = EC574D
en = 267497
eo = 27E0BB
ep = 7DF735
eq = 86F527
er = BCAD28
es = 64A5F5
et = 36CF90
eu = 05D788
ev = D42D11
ew = 0389C2
ex = 86EB5A
ey = D57147
ez = 05AF12
fa = CFAB2A
fb = 10E60F
fc = 59B219
fd = 3DB69C
fe = DD1B76
ff = 529A9A
fg = 7B8F1B
fh = 423269
fi = D0D188
fj = 54999F
fk = BB1C65
fl = 06751E
fm = E6BBC9
fn = E9FC4E
fo = 8376EE
fp = 29963B
fq = 82F37F
fr = 8D9659
fs = 32F0EB
ft = 19F16E
fu = E11CFA
fv = CEF6AB
fw = 791C79
fx = 163CA6
fy = CFFFBF
fz = B84465
ga = DC6BC2
gb = D2B2B6
gc = 329413
gd = E97996
ge = 0879BD
gf = 018224
gg = 6E3DF2
gh = 7FD662
gi = 1B0BC9
gj = 822D07
gk = 4048D8
gl = 04FB77
gm = 3AC5F1
gn = ABB070
go = D3A4CC
gp = 037AFF
gq = D59618
gr = 06F133
gs = 1A8A80
gt = 60E777
gu = 59A6C4
gv = C55E1A
gw = 716C9B
gx = 24BB8C
gy = DB0624
gz = DE1748
ha = C7BFE1
hb = D882F3
hc = 1CCC6F
hd = 1FA9A8
he = AC942C
hf = 0A7E04
hg = B7234F
hh = 4A516B
hi = 43EA93
hj = FCBBDF
hk = 70ABCA
hl = 719ED2
hm = 66239A
hn = E92495
ho = 7FB86C
hp = 5FA5DF
hq = 36980B
hr = 1CB5E1
hs = 77D33B
ht = E85CB1
hu = 0CA92B
hv = 6CBF01
hw = 0D734E
hx = 265364
hy = D23A26
hz = CE0319
ia = A94ED6
ib = 6A28C9
ic = 5E8C23
id = 14513F
ie = D23541
if = 1A95C2
ig = 131E6D
ih = 52121B
ii = 1187AD
ij = B19F7D
ik = D2C66C
il = E9C490
im = 2E0CE7
in = D9DB81
io = 26819B
ip = 7524C5
iq = 051107
ir = BF605D
is = A4211A
it = A8DFEA
iu = 8BBFE6
iv = F513EE
iw = 9C615B
ix = 2C4494
iy = B3D355
iz = B8F54D
ja = 2DD5BB
jb = B8F5B5
jc = AE9670
jd = E56CAB
je = FC8858
jf = 6BD18F
jg = 501065
jh = 097975
ji = 1422A4
jj = 5AB42B
jk = 4CD358
jl = F809DE
jm = 2D4E33
jn = 45EF41
jo = 5FCF6D
jp = 943CF4
jq = 4C8E39
jr = 007189
js = C68E36
jt = DBF45A
ju = 4993C7
jv = F8FD39
jw = AD975E
jx = F5C20D
jy = B4302B
jz = 92A52F
ka = D675A5
kb = CA9728
kc = 3C963E
kd = 48B8EB
ke = 88CEA1
kf = E46F00
kg = 4742F7
kh = 3CE19A
ki = EE2A43
kj = FD7DDE
kk = 7E1689
kl = 8F9A5D
km = 0C732C
kn = 4E1CE9
ko = 862135
kp = 34184A
kq = CCBF55
kr = 6D9732
ks = 73E4CA
kt = 03EF73
ku = 3624E0
kv = D14B80
kw = A3690C
kx = BDD707
ky = 9967C8
kz = 6EEDAA
la = ABC311
lb = 42E950
lc = 3CAC93
ld = 46546D
le = E8BEB3
lf = E3E35E
lg = 5F6026
lh = 469BEB
li = 965A8B
lj = 315C3C
lk = D514CF
ll = 19378B
lm = 9A384C
ln = A1327C
lo = 82AA41
lp = 9B651C
lq = 288D5C
lr = F7B43F
ls = 38EEE6
lt = 3A0FE8
lu = 111779
lv = ED5518
lw = 279DEE
lx = C818A8
ly = 139EF2
lz = 780CF5
ma = FEF36C
mb = CC1B03
mc = F63AFC
md = 2D8AF1
me = 3EA107
mf = D67109
mg = 3254D9
mh = 5DD2D4
mi = A28FB0
mj = A54256
mk = B39AF8
ml = 368913
mm = 495017
mn = 958C52
mo = 880DDA
mp = 5BD269
mq = F1F523
mr = F0B12A
ms = 207E79
mt = 66FF02
mu = 6D0782
mv = 6B8FC9
mw = 33F6D3
mx = 9B14DE
my = 56966E
mz = 93F391
na = E57002
nb = DB9558
nc = 73D91B
nd = B2FECE
ne = AF1443
nf = 0AC70B
ng = F320EA
nh = 1E31FA
ni = 75CFEB
nj = DFD979
nk = 617786
nl = DD854F
nm = 13DB3F
nn = 6E34C4
np = B3B2FA
nq = AF9E1C
nr = DC8967
ns = 403274
nt = 37A23F
nu = 820F20
nv = 67FC3D
nw = 630625
nx = C19075
ny = A8E574
nz = 5CD973
oa = A7676C
ob = C2A1EA
oc = 97D8C7
od = B0895C
oe = C7B9E4
of = 6F60F7
og = 809E2D
oh = 54DF49
oi = 3CC8A0
oj = 655C3A
ok = 45AC28
ol = 53EB67
om = F440E8
on = 63447A
oo = E10504
op = D0C67F
oq = AA1DAE
os = AFBE9F
ot = DBCED9
ou = 8614DD
ov = 8B458A
ow = 2EF91F
ox = D4C199
oy = 38C4B3
oz = 17BD9C
pa = 3B3DC5
pb = 7B8378
pc = 62AD0D
pd = 86021E
pe = 4F414C
pf = C76A0E
pg = A9C895
ph = 2BCC93
pi = 5283BA
pj = 8778CE
pk = 6C4F20
pl = 06FAA3
pm = F72937
pn = 7D2147
po = E77BE6
pp = 0E4CB9
pq = 21ADCF
pr = 07B917
ps = 83D6C7
pt = 206BF1
pu = DB1ABB
pv = C2644D
pw = 7D37D6
px = F5A7BF
py = F89E48
pz = F7B4D7
qa = 4380A4
qb = 7844C2
qc = 38B8F3
qd = 8C886F
qe = B42CDB
qf = 2F6CAE
qg = 32B76D
qh = BF2C4B
qi = F17DC5
qj = 291174
qk = DFE467
ql = A22A89
qm = 96FB3B
qn = 89D557
qo = 695C49
qp = FAF50E
qq = 5D8E10
qr = 8F7E3C
qs = F15F81
qt = 34154F
qu = 7A2F70
qv = 5A647F
qw = 7310E5
qx = E86BEC
qy = 0FF611
qz = AFBC73
ra = A448C8
rb = 792929
rc = 407C41
rd = 1ACFC0
re = 51F58C
rf = 57426C
rg = 19F9EC
rh = 8F8FFA
ri = DBCBF6
rj = 3A5EB5
rk = 74FD02
rl = 4B281F
rm = E9CDA4
rn = 4317C1
ro = 1DB512
rp = F7674A
rq = F918D3
rr = DB97D8
rs = F3490C
rt = 5F280E
ru = 25EBE8
rv = 55F690
rw = E0A5F4
rx = A9BEE1
ry = FA1407
rz = 0E0245
sa = 975E53
sb = 695424
sc = 070979
sd = 31C2C0
se = 16879B
sf = A39091
sg = AE22DA
sh = 926629
si = BEBDA8
sj = 7B5C30
sk = 7FC66B
sl = 6899F6
sm = DEF95B
sn = DBC6AE
so = 20A33F
sp = 52F2EF
sq = B46E60
sr = 5728C6
ss = DDBC8B
st = 007F15
su = A43C03
sv = D562BF
sw = 2225CC
sx = 003816
sy = 97EFEE
sz = 1ACD42
ta = 578BBF
tb = 1032DF
tc = 920444
td = A758AA
te = F889CE
tf = 7DF003
tg = 0816BE
th = 0D51D9
ti = AEA3CA
tj = 359810
tk = C81C4C
tl = EC739C
tm = 64E1AF
tn = 1A84DA
to = 579F0C
tp = 0EF201
tq = 3AFBC1
tr = C82733
ts = 7A67AA
tt = 334A7A
tu = D085CB
tv = 8F8BE4
tw = A13C66
tx = 4785F6
ty = 453D86
tz = 8F6FF2
ua = 515A64
ub = 69ADF4
uc = D88868
ud = E85DA0
ue = 719653
uf = 28B1F0
ug = CD457C
uh = AF5881
ui = C50CDD
uj = E8690D
uk = FBB2F2
ul = 38334E
um = 126483
un = 47CD5E
uo = 8D40A2
up = 6F4851
uq = C766BB
ur = A0CF28
us = F92EAA
ut = 5E2B38
uu = 8ACF24
uv = 33B55F
uw = 8E720B
ux = 574A8D
uy = EAAA0C
uz = D1E1FB
va = F3B1B1
vb = 7C4A15
vc = CE88BA
vd = E2C355
ve = 83EEBA
vf = 825362
vg = 78DBD1
vh = 3D89D8
vi = 99983E
vj = 718669
vk = 3ACF34
vl = 30F527
vm = 4E7152
vn = AE473D
vo = 17F1DF
vp = B130A1
vq = 188BB4
vr = EE2690
vs = E5D0CD
vt = C641FB
vu = 525D4B
vv = 3AAEA9
vw = C914DD
vx = 73D4B8
vy = E8A2D1
vz = 7084D2
wa = 0C1B68
wb = 99AADC
wc = 6ED0E5
wd = 5A8AF4
we = 9C6BA7
wf = 107169
wg = 190F56
wh = 564955
wi = 6306F2
wj = 1610CA
wk = C09728
wl = C6E55B
wm = 599C40
wn = 9EFC68
wo = 7E1A85
wp = 4167D3
wq = F693AE
wr = 9930E1
ws = DF04D5
wt = 9343BB
wu = FF2226
wv = 87973C
ww = 73730A
wx = FF166E
wy = 970116
wz = 4A36AC
xa = FDD5F0
xb = 703778
xc = 4321A3
xd = 5C54D9
xe = FCC8C3
xf = 090D1F
xg = A1C8BD
xh = 544EF5
xi = 06904C
xj = C88842
xk = 03DC6A
xl = C34F3B
xm = 2A5133
xn = 9F238E
xo = 600328
xp = 17C606
xq = F005FF
xr = D03CF0
xs = 1ABEFE
xt = 45FFAA
xu = 30E72D
xv = CF64F4
xw = BBE4B6
xx = AAFF4F
xy = A0FD69
xz = 65FF5E
ya = A7B45B
yb = 5F0A5D
yc = CAF591
yd = EE5BF4
ye = 3C0FE2
yf = B57649
yg = 7D3505
yh = 7925B9
yi = 7A6A5D
yj = B0B3A5
yk = 2112D9
yl = 378E3F
ym = 617A15
yn = 36C35E
yo = 1543C4
yp = 7E88BA
yq = 1F3D88
yr = 39DE40
ys = 80C020
yt = BFD023
yu = 7B3824
