a = 2805EE
b = A75922
c = 809861
d = 52CFD3
e = 9DDDDB
f = B0A302
g = 907256
h = 602DE0
i = 6D29DC
j = 16F2B6
k = BCB10C
l = 0BFBC0
m = 14C80E
n = 2A3F63
o = 1F5B68
p = 9B24D0
q = 15A871
r = 16715F
s = 9FD88A
t = 7F74EB
u = 2342EC
v = 657C41
w = 948B4E
x = F39E09
y = 01350E
z = F6D5D6
aa = 78F16C
ab = AE28F3
ac = C0C805
ad = D9F65A
ae = 08F10C
af = EBFBBD
ag = FEB7C4
ah = 95EC79
ai = 76CB91
aj = 9D8D83
ak = CE090A
al = 33E515
am = B7078E
an = 1ECDAD
ao = 9A08DE
ap = EB262F
aq = C25BB1
ar = CB4387
as = F15A28
at = 96519D
au = 03B21A
av = E9F34B
aw = DE2C4E
ax = 38FAE7
ay = C6ACD8
az = C3FCEE
ba = 0F79FC
bb = B9A5AC
bc = 4805DB
bd = 8C5E7C
be = 699D4A
bf = 225074
bg = 95BF35
bh = B8B1F6
bi = 8C740E
bj = 12C6C4
bk = 0AA9E9
bl = C76FA3
bm = 7084FB
bn = 926F87
bo = 48CF4E
bp = F8340C
bq = 58AE06
br = E4F66A
bs = 3406B1
bt = CAE908
bu = FB5F18
bv = 68F1C8
bw = 79BEAA
bx = 87374C
by = 7F9729
bz = E6C794
ca = 32AD29
cb = 15F69F
cc = 90E654
cd = 34688C
ce = C8424F
cf = 34291E
cg = DA6973
ch = 5A5661
ci = 0C5C51
cj = 65DAC1
ck = 56C4FE
cl = BCB777
cm = 221ABE
cn = FB567A
co = 8A7DD2
cp = 96F6E9
cq = 187E24
cr = EB4113
cs = 87E384
ct = E0F173
cu = 2462A4
cv = 1DF34C
cw = EC5E09
cx = 50A34F
cy = CE38FE
cz = 6FAC00
da = 05126E
db = 8F8927
dc = 6B471D
dd = C9D53E
de = 561B4C
df = 2BB7D0
dg = A1B650
dh = 953D62
di = 72CC2E
dj = 79CD99
dk = 2E9E91
dl = 002EF5
dm = F5518A
dn = 2918D8
do = E56B54
dp = C1AA57
dq = C46EB8
dr = 41C5D7
ds = E2DE3B
dt = 6E8CD8
du = 153F61
dv = 826D66
dw = 7777CD
dx = 740AD2
dy = 35AD7B
dz = 9C7F20
ea = 3181B6
eb = 3F98B9
ec = 171D0B
ed = C60388
ee = 2B2FBD
ef = CA8D9D
eg = 36B2E2
eh = 368F09
ei = DA485A
ej = 2E46B3
ek = FE02E9
el = 3993B5
em = 3028C5
en = 490B5A
eo = 2E0FF6
ep = A7F786
eq = 20EBE6
er = 848E79
es = CC6324
et = 7CC19E
eu = D18125
ev = 124064
ew = A058D0
ex = A9F2E5
ey = ACD186
ez = DBE27F
fa = F24F1A
fb = 0A23A7
fc = EE7C47
fd = 768F01
fe = 1FC9F0
ff = 3BE88C
fg = DC0EC0
fh = D8FC8E
fi = DB2304
fj = 257963
fk = F7AE05
fl = 124487
fm = 826E4F
fn = 7BE7A3
fo = 8080CD
fp = 73BDDE
fq = F4EC19
fr = 9396D2
fs = 90210D
ft = 0FF5B1
fu = 667A8E
fv = CFEFCF
fw = 1E8798
fx = 1FA8C9
fy = 0C1996
fz = 353CA8
ga = A46BB1
gb = CAEB14
gc = ECD07E
gd = 1BC332
ge = 60898F
gf = F506DA
gg = C4CE0C
gh = 871737
gi = 242780
gj = C84E0B
gk = 7B9674
gl = F89859
gm = 4F8517
gn = 14344F
go = CDB7D6
gp = 883C50
gq = 994683
gr = DBBECF
gs = 174F8F
gt = 6BCDA7
gu = 24F5C7
gv = 019D57
gw = B3D53B
gx = 9BD75B
gy = A9E097
gz = 32B05F
ha = C7DA00
hb = 3149B3
hc = 66B4D4
hd = B4C8B8
he = 9A9BCC
hf = 1EE41E
hg = 8CE6FC
hh = B66B0A
hi = E52962
hj = F2F927
hk = B7625C
hl = 7DA06E
hm = 694FDA
hn = E37877
ho = 8493CE
hp = 1B640D
hq = F5C64F
hr = 5CDD06
hs = E314CD
ht = 258417
hu = 59C137
hv = 4F235A
hw = 98DBDA
hx = 2CC0DF
hy = B3121A
hz = 4EFD96
ia = D74AFE
ib = D20B3F
ic = ED2CC3
id = B1AC39
ie = CF7BC0
if = D39B40
ig = FAC830
ih = 491887
ii = 66AB31
ij = 76C2DB
ik = D732CE
il = A24796
im = 8087E9
in = 39B068
io = 6568AA
ip = 4BC26E
iq = 6025B2
ir = 0638C1
is = 9EF774
it = DABF3E
iu = 317C83
iv = FA0247
iw = 7A1592
ix = 75719E
iy = 2A9740
iz = DFF5CC
ja = 0C027B
jb = 314500
jc = 94A683
jd = 57C620
je = 14BD08
jf = 34630A
jg = 866A05
jh = D8955F
ji = 381C28
jj = 5C47EA
jk = BA77B6
jl = F6D5D5
jm = 3E7E80
jn = CA2B66
jo = B97004
jp = 3A6085
jq = B902F4
jr = 0D45A6
js = E64EBB
jt = F7812A
ju = 15D57D
jv = 723BFE
jw = 455EB5
jx = E7C10D
jy = 91AC35
jz = 84A2F4
ka = 794907
kb = 7341B4
kc = 94AE5D
kd = DAB531
ke = 99C18F
kf = 6B0D6C
kg = 9AB7C1
kh = 39BFF6
ki = 072DDE
kj = 6A7572
kk = 1F1D49
kl = 912809
km = 70891D
kn = 278608
ko = 180AB7
kp = 5D4D7D
kq = C6CC6A
kr = 88A4BC
ks = B76E76
kt = 9BBBD6
ku = B53703
kv = E4C2B0
kw = 4049E8
kx = 0E96E4
ky = ABC2F7
kz = C4C0B4
la = 7736DF
lb = EDB3C4
lc = CEE194
ld = 819DB7
le = 28DEC5
lf = 9070F1
lg = 35313E
lh = A927CC
li = BB9228
lj = 473231
lk = 77E6CA
ll = 0F5B8A
lm = 5E7E93
ln = 71838A
lo = E7B133
lp = 139E03
lq = 6685FD
lr = A6C425
ls = 881C3D
lt = 0767EC
lu = CC98EE
lv = 45DE6C
lw = C84D39
lx = DB4E03
ly = 0CFD59
lz = 426F9C
ma = F94C08
mb = EA7C07
mc = A1D8C1
md = 93D479
me = 9347A6
mf = 5FB87A
mg = 62BD62
mh = E81FE0
mi = F6EA3C
mj = E7F598
mk = 711CFD
ml = 3B9306
mm = 78A55F
mn = 1D2602
mo = DDF11A
mp = A1D450
mq = 72BF08
mr = FCD013
ms = 410E11
mt = 4FB2C4
mu = D8B804
mv = 4CF521
mw = B6ADBF
mx = CC46A2
my = 03D492
mz = B72FF5
na = 679880
nb = 08E980
nc = FF9D47
nd = C660B5
ne = 569B06
nf = 54E6FD
ng = ED2255
nh = 01C5BC
ni = E6A77C
nj = 05509F
nk = 5EB04A
nl = 456DEB
nm = F6C962
nn = D98441
np = 437BE2
nq = 667C53
nr = F7BED0
ns = BBD70F
nt = 0FBBA2
nu = A1FB60
nv = BA9354
nw = CF8615
nx = 5201D8
ny = 3C1362
nz = 985FFE
oa = 9887DF
ob = 45E29B
oc = AB5249
od = 4CDF4A
oe = F19CD5
of = 176969
og = 2EB7A8
oh = 0B4F8C
oi = 40CB6E
oj = 1C6FFD
ok = 9E7507
ol = 89545E
om = F139F4
on = 18F47C
oo = 700436
op = 5D2B1A
oq = AAF8BB
os = 75B006
ot = CC2C85
ou = A18771
ov = B31845
ow = 4DD283
ox = EE5025
oy = 82DB85
oz = A1B048
pa = 5301A8
pb = 15AE6E
pc = 259651
pd = 4C531F
pe = ECD45E
pf = 8BCD33
pg = 944016
ph = 2F5A3A
pi = 24CF63
pj = 184A80
pk = EFD9D0
pl = 2C80BE
pm = F9772D
pn = 43AC77
po = 59C878
pp = 24DC8B
pq = CCB153
pr = BE8A8A
ps = A57B01
pt = DD9C30
pu = 114FD9
pv = 594D60
pw = 5EC4AB
px = 047AC5
py = 1AF80E
pz = E8A661
qa = 0C8100
qb = 2EEC7E
qc = 152AA0
qd = B7C2DF
qe = EC87D6
qf = 8137B4
qg = BD75FA
qh = CA67B5
qi = F402FC
qj = 156E2F
qk = 57C795
ql = AE7718
qm = 6524A0
qn = 6BFD54
qo = 88A78F
qp = FA249E
qq = 34B723
qr = C37CA2
qs = E37B4B
qt = F76AA9
qu = 5F7D83
qv = A0B8CB
qw = 7EE182
qx = 7DE952
qy = A2AD99
qz = 574A94
ra = B9028B
rb = E3FD9A
rc = 209DD7
rd = 0297E3
re = 57C8B9
rf = 5C7A2C
rg = EDA20B
rh = E584E7
ri = 6BE5FD
rj = A325B7
rk = CF1C6B
rl = 8746B8
rm = 133CAB
rn = E682BD
ro = 3EB5F4
rp = 366C7A
rq = 214A14
rr = AF875A
rs = A50E78
rt = 31F07E
ru = 62DA6E
rv = 84533F
rw = 5CA01B
rx = E76984
ry = 074621
rz = A4A1E7
sa = 5462AA
sb = A54274
sc = E0E9A7
sd = FC0C73
se = FEC7C2
sf = A817FE
sg = E55C66
sh = D85DBC
si = 7A94D8
sj = CC4BD9
sk = CFE549
sl = 31CA09
sm = 1E2ADA
sn = C485FD
so = C92085
sp = F81F77
sq = 651D07
sr = 0FE6A3
ss = DB4B2A
st = C0855A
su = 78ED48
sv = F32973
sw = 5785C2
sx = 6CC85A
sy = B8089E
sz = C18D19
ta = 221F5E
tb = 287B4D
tc = C768EA
td = A562BC
te = B1B05F
tf = 2E8585
tg = 5D4B08
th = 4CAE09
ti = 59B9AD
tj = 57A594
tk = 3D0A04
tl = 881472
tm = 6AF7D7
tn = 94CF68
to = F515A3
tp = AD9FEC
tq = A09246
tr = E1A172
ts = 26EFEC
tt = 29E07E
tu = AC7CFA
tv = DCD7ED
tw = 6E5A9B
tx = 8551D1
ty = 64D7E3
tz = 7901EF
ua = 623E22
ub = C5736E
uc = 8336E4
ud = 92B216
ue = 9BB4F1
uf = CCD021
ug = D7F1A2
uh = 6280B1
ui = 0C1658
uj = 0B39E2
uk = 7ECE2E
ul = B05470
um = DBE76C
un = F808DE
uo = 3F1108
up = CD1DC9
uq = 8F1F70
ur = 6DD965
us = 7E6E9D
ut = 9A02B0
uu = FA5649
uv = C9EF80
uw = EAE820
ux = EDAC71
uy = 60B7AC
uz = 811DBD
va = 0AEE14
vb = 7A12AA
vc = 4A734D
vd = B378D5
ve = BB2E70
vf = BDC6EA
vg = FF07B7
vh = DDBC24
vi = 0E1010
vj = C763B0
vk = BE9BF6
vl = 314774
vm = 74B18E
vn = EFCC92
vo = 62CBAD
vp = D8368C
vq = 266263
vr = E6185B
vs = A3C43D
vt = D01199
vu = 9DC3C5
vv = C4E0C9
vw = 148DB3
vx = FDFC37
vy = 644B83
vz = 4392B8
wa = A99181
wb = 0B837D
wc = 3CF92C
wd = 789B50
we = FD003D
wf = B3C415
wg = B167D9
wh = 644519
wi = 6D2683
wj = CDA2BB
wk = EAD470
wl = C6FBE0
wm = 747BA6
wn = D22517
wo = 8087D5
wp = 6AE109
wq = 3B930C
wr = 0F2DD1
ws = 4378FC
wt = 2DB44E
wu = E8B782
wv = B416FB
ww = 1DFDFB
wx = 5E7D8B
wy = 2B5311
wz = B8F3D4
xa = 900245
xb = AABCF4
xc = 3ADF7B
xd = 8F1C36
xe = 9984BC
xf = 1BF723
xg = C2003E
xh = 66FD49
xi = DEC72C
xj = 35A17A
xk = 19335F
xl = BAE339
xm = F911EA
xn = 7B7FD8
xo = 4B1782
xp = 3097F9
xq = F8DE73
xr = F9D649
xs = 6FFE0A
xt = 820B67
xu = 2B2BBB
xv = D8E681
xw = E0B3C9
xx = 620428
xy = 66E9AE
xz = 0CEA4A
ya = 3F3EAF
yb = FC7DF6
yc = 18E7B7
yd = 829165
ye = 02839D
yf = B4D795
yg = E9BAF6
yh = 28E755
yi = C959EE
yj = 737E62
yk = 69F924
yl = F15283
ym = AD3BB1
yn = 897D7D
yo = F208E0
yp = 152E7A
yq = 00F0CC
yr = D2FE22
ys = 91E0DE
yt = 46D19D
